VERSION
            6           3
PARAMETERS
      40.0000         40.0000         20.0000
      2.50000        0.500000
      30.0000         5.00000
           2240.00000000              250.000000000              60.0000000000           0.000000000000E+0000
           40.0000000000
            2           2           2           2
            1           1           1           1
FRONT SUSPENSION
            1
           3819.00000000              91.0000000000              181.000000000
           4179.00000000              92.0000000000              197.000000000
           4092.00000000              723.500000000              167.100006104
           4092.50000000              308.000000000              385.000000000
           4332.00000000              308.000000000              369.000000000
           4107.50000000              698.500000000              458.100006104
           4146.50000000              600.000000000              203.600006104
           4180.00000000              475.000000000              593.599975586
           4214.50000000              668.000000000              233.000000000
           4245.50000000              197.000000000              230.000000000
           4180.00000000              486.000000000              690.000000000
           4145.00000000              645.000000000              210.000000000
           4092.50000000              701.000000000              311.816895910
           4092.50000000              750.000000000              313.100006104
           225.000000000
TOLERANCES
        1.000000000000E-10         5.000000000000E-02         5.000000000000E-02
TITLES
            0
TYRE
           150.000000000              150.000000000              150.000000000              150.000000000
ROLL SOLUTION
            1
FSETS
User Definable Default Set
            2
            2
     -1.00000
      1.00000
     0.000000E+00
            3
     -1.00000
      1.00000
     0.000000E+00
RAVEN_DEFAULTS
            7          14
     0.000000E+00
     0.000000E+00
     0.000000E+00
      1250.00
      500.000
      2500.00
      3000.00
      50.0000         50.0000         50.0000         50.0000
      10.0000         10.0000         10.0000         10.0000
     0.400000        0.400000        0.400000        0.400000
      1.00000         1.00000         1.00000         1.00000
      18.1000         18.1000         18.1000         18.1000
     6.900000E-02    6.900000E-02    6.900000E-02    6.900000E-02
      3.00000         3.00000         3.00000         3.00000
      50.0000         50.0000         50.0000        0.000000E+00
      10.0000         10.0000         10.0000        0.000000E+00
     0.400000        0.400000        0.400000        0.000000E+00
      1.00000         1.00000         1.00000        0.000000E+00
      18.1000         18.1000         18.1000        0.000000E+00
     6.900000E-02    6.900000E-02    6.900000E-02    0.000000E+00
      3.00000         3.00000         3.00000        0.000000E+00
