VERSION
            8           3
            1
PARAMETERS
      60.0000         60.0000         20.0000
      3.00000        0.500000
      30.0000         5.00000
           2240.00000000              250.000000000              60.0000000000           0.000000000000E+0000
           40.0000000000
            2           2           2           2
            1           1           1           1
FRONT SUSPENSION
            1
           3819.00000000              313.000000000              225.600006104
           4179.00000000              280.000000000              185.899993896
           4092.00000000              723.500000000              167.100006104
           4092.50000000              420.000000000              452.000000000
           4332.00000000              420.000000000              446.000000000
           4092.50000000              695.500000000              454.100006104
           4146.50000000              600.000000000              203.600006104
           4180.00000000              475.000000000              593.599975586
           4214.50000000              740.500000000              208.000000000
           4245.50000000              308.000000000              227.000000000
           4180.00000000              486.000000000              690.000000000
           4145.00000000              645.000000000              210.000000000
           4092.50000000              701.000000000              313.100006104
           4092.50000000              750.000000000              313.100006104
           225.000000000
TOLERANCES
        1.000000000000E-10         5.000000000000E-02         5.000000000000E-02
TITLES
            0
TYRE
           150.000000000              150.000000000              150.000000000              150.000000000
ROLL SOLUTION
            1
GROUPS
            2
Points 1,2 and 3 (front)
            3
            1           1
            2           1
            3           1
Points 3 and 7 (front)
            2
            3           1
            7           1
COMPLIANCE
            4
      41.5000         300.000         246.500
      400.000
     2.000000E+06
            1           2           2           1
      1000.00         1000.00         2000.00        0.000000E+00    0.000000E+00    0.000000E+00
     0.000000E+00     100.000        0.000000E+00
     0.000000E+00    0.000000E+00    0.000000E+00
            4           2           5           1
      1000.00         1000.00         2000.00        0.000000E+00    0.000000E+00    0.000000E+00
     0.000000E+00     100.000        0.000000E+00
     0.000000E+00    0.000000E+00    0.000000E+00
            5           1           4           1
      1000.00         1000.00         2000.00        0.000000E+00    0.000000E+00    0.000000E+00
     0.000000E+00     100.000        0.000000E+00
      239.500        0.000000E+00    -6.00000
            2           1           1           1
      1000.00         1000.00         2000.00        0.000000E+00    0.000000E+00    0.000000E+00
     0.000000E+00     100.000        0.000000E+00
      360.000        -33.0000        -39.7000
            0
      41.5000         300.000         246.500
      400.000
     2.000000E+06
FORCES
            2           2           0           0
          -99           1     1000.00
            2          39           3           0
     0.000000E+00    0.000000E+00    0.000000E+00
     0.000000E+00     100.000        0.000000E+00
          -99           1     1000.00
            2          39           3           0
     0.000000E+00    0.000000E+00    0.000000E+00
     -100.000        0.000000E+00    0.000000E+00
          -99           1     1000.00
            2          39           3           0
     0.000000E+00    0.000000E+00    0.000000E+00
     -300.000        0.000000E+00    0.000000E+00
          -99           1     1000.00
            2          39           3           0
     0.000000E+00    0.000000E+00    0.000000E+00
     0.000000E+00     100.000        0.000000E+00
FSETS
User Definable Default Set
            3
            2
     -1.00000
      1.00000
     0.000000E+00
     0.000000E+00
     0.000000E+00
     0.000000E+00
            3
     -1.00000
      1.00000
     0.000000E+00
     0.000000E+00
     0.000000E+00
     0.000000E+00
           19
     -1.00000
      1.00000
     0.000000E+00
     0.000000E+00
     0.000000E+00
     0.000000E+00
RAVEN_DEFAULTS
            7          14
     0.000000E+00
     0.000000E+00
     0.000000E+00
      1250.00
      500.000
      2500.00
      3000.00
      50.0000         50.0000         50.0000         50.0000
      10.0000         10.0000         10.0000         10.0000
     0.400000        0.400000        0.400000        0.400000
      1.00000         1.00000         1.00000         1.00000
      18.1000         18.1000         18.1000         18.1000
     6.900000E-02    6.900000E-02    6.900000E-02    6.900000E-02
      3.00000         3.00000         3.00000         3.00000
      50.0000         50.0000         50.0000        0.000000E+00
      10.0000         10.0000         10.0000        0.000000E+00
     0.400000        0.400000        0.400000        0.000000E+00
      1.00000         1.00000         1.00000        0.000000E+00
      18.1000         18.1000         18.1000        0.000000E+00
     6.900000E-02    6.900000E-02    6.900000E-02    0.000000E+00
      3.00000         3.00000         3.00000        0.000000E+00
