VERSION
            3           3
PARAMETERS
      60.0000         60.0000         5.00000
      3.00000        0.250000
      30.0000         2.00000
           2240.00000000              60.0000000000              60.0000000000           0.000000000000E+0000
           40.0000000000
            2           2           2           2
            1           1           1           1
REAR SUSPENSION
           10
           2891.00000000              410.000000000              207.000000000
           3625.50000000              126.000000000              190.500000000
           3492.00000000              595.000000000              166.100006104
           3491.00000000              410.000000000              424.100006104
           3491.00000000              630.000000000              423.100006104
           3494.00000000              595.000000000              166.100006104
           3450.00000000              300.000000000              600.000000000
           3450.00000000              300.000000000              600.000000000
           3494.00000000              595.000000000              166.100006104
           3435.00000000              708.500000000              307.100006104
           3435.00000000              768.500000000              307.100006104
           225.000000000
TOLERANCES
           1.00000000000           9.999999747379E-06            1.00000000000           9.999999747379E-06
TITLES
            0
TYRE
           150.000000000              150.000000000              150.000000000              150.000000000
ROLL SOLUTION
            1
GROUPS
            2
Points 1,2 and 3 (front)
            3
            1           1
            2           1
            3           1
Points 3 and 7 (front)
            2
            3           1
            7           1
