VERSION
            3           3
PARAMETERS
      60.0000         60.0000         5.00000
      3.00000        0.250000
      30.0000         2.00000
           2240.00000000              60.0000000000              60.0000000000           0.000000000000E+0000
           40.0000000000
            2           2           2           2
            1           1           1           1
FRONT SUSPENSION
           12
           1600.00000000              115.000000000             -610.000000000
           2300.00000000              115.000000000             -610.000000000
           1950.00000000              695.000000000             -610.000000000
           1727.00000000              245.000000000             -270.000000000
           2173.00000000              245.000000000             -270.000000000
           1950.00000000              615.000000000             -265.000000000
           1950.00000000              706.000000000             -580.000000000
           1950.00000000              419.000000000             -235.000000000
           2142.87011719              882.140014648             -434.140014648
           2115.00000000              395.000000000             -442.000000000
           1950.00000000              585.000000000              210.000000000
           1950.00000000              593.000000000             -65.0000000000
           1950.00000000              915.000000000             -405.000000000
           1950.00000000              960.000000000             -405.000000000
           1952.59734543              908.914759938             -355.439696840
           225.000000000
TOLERANCES
           1.00000000000           9.999999747379E-06            1.00000000000           9.999999747379E-06
TITLES
            0
TYRE
           150.000000000              150.000000000              150.000000000              150.000000000
ROLL SOLUTION
            1
GROUPS
            2
Points 1,2 and 3 (front)
            3
            1           1
            2           1
            3           1
Points 3 and 7 (front)
            2
            3           1
            7           1
