VERSION
            3           3
PARAMETERS
      60.0000         60.0000         5.00000
      3.00000        0.250000
      30.0000         2.00000
           2240.00000000              60.0000000000              60.0000000000           0.000000000000E+0000
           40.0000000000
            2           2           2           2
            1           1           1           1
FRONT SUSPENSION
            3
           1484.06005859              448.700012207              200.729995728
           1823.06005859              405.190002441              191.119995117
           1731.68005371              736.359985352              183.649993896
           1739.80004883              612.250000000              368.899993896
           1760.68005371              584.890014648              847.650024414
           1735.43870480              617.964860199              268.900324328
           1878.40002441              675.419982910              325.850006104
           1894.00000000              326.000000000              322.649993896
           1759.18005371              592.000000000              810.450012207
           1751.80004883              620.799987793              642.849975586
           1737.00000000              705.330017090              305.190002441
           1737.00000000              764.690002441              305.000000000
           225.000000000
TOLERANCES
           1.00000000000           9.999999747379E-06            1.00000000000           9.999999747379E-06
TITLES
            0
TYRE
           150.000000000              150.000000000              150.000000000              150.000000000
ROLL SOLUTION
            1
GROUPS
            2
Points 1,2 and 3 (front)
            3
            1           1
            2           1
            3           1
Points 3 and 7 (front)
            2
            3           1
            7           1
