VERSION
            3           3
PARAMETERS
      60.0000         60.0000         5.00000
      3.00000        0.250000
      30.0000         2.00000
           2240.00000000              60.0000000000              60.0000000000           0.000000000000E+0000
           40.0000000000
            2           2           2           2
            1           1           1           1
FRONT SUSPENSION
           18
           3819.00000000              313.000000000              225.899993896
           4179.00000000              280.000000000              185.899993896
           4092.00000000              723.500000000              167.100006104
           4092.50000000              420.000000000              452.000000000
           4332.00000000              420.000000000              446.000000000
           4092.50000000              595.500000000              454.100006104
           4100.00000000              645.000000000              443.600006104
           4146.50000000              550.000000000              703.599975586
           4214.50000000              740.500000000              208.000000000
           4245.50000000              308.000000000              227.000000000
           4146.50000000              550.000000000              703.599975586
           4100.00000000              645.000000000              443.600006104
           4092.50000000              701.000000000              313.100006104
           4092.50000000              750.000000000              313.100006104
           4000.00000000              420.000000000              452.000000000
           4045.50000000              596.500000000              454.299987793
           4075.50000000              705.000000000              404.299987793
           225.000000000
TOLERANCES
           1.00000000000           9.999999747379E-06            1.00000000000           9.999999747379E-06
TITLES
            0
TYRE
           150.000000000              150.000000000              150.000000000              150.000000000
ROLL SOLUTION
            1
GROUPS
            2
Points 1,2 and 3 (front)
            3
            1           1
            2           1
            3           1
Points 3 and 7 (front)
            2
            3           1
            7           1
