VERSION
            3           3
PARAMETERS
      100.000         100.000         10.0000
      3.00000        0.250000
     0.000000E+00    0.000000E+00
           2866.43000000              300.000000000              70.0000000000           0.000000000000E+0000
           45.0000000000
            2           2           2           2
            1           1           1           1
REAR SUSPENSION
           16
          -21.5000000000              75.0000000000              563.000000000
           588.000000000              75.0000000000              565.000000000
           156.600000000              705.500000000              589.000000000
           19.7000000000              778.400000000              107.000000000
           388.000000000              148.400000000              177.000000000
           262.000000000              772.500000000              108.500000000
           150.000000000              500.000000000              575.000000000
           155.000000000              200.000000000              875.000000000
           20.0000000000              598.000000000              105.000000000
          -221.500000000              153.000000000              222.500000000
           155.000000000              200.000000000              875.000000000
           150.000000000              500.000000000              575.000000000
           160.000000000              794.000000000              306.000000000
           160.000000000              894.000000000              310.000000000
           310.000000000
TOLERANCES
           1.00000000000           9.999999747379E-06            1.00000000000           9.999999747379E-06
TITLES
            0
TYRE
           300.000000000              300.000000000              475.000000000              475.000000000
BODY
FORMULA
ROLL SOLUTION
            1
GROUPS
            2
Points 1,2 and 3 (front)
            3
            1           1
            2           1
            3           1
Points 3 and 7 (front)
            2
            3           1
            7           1
