VERSION
            3           3
PARAMETERS
      60.0000         60.0000         5.00000
      3.00000        0.250000
      30.0000         2.00000
           2240.00000000              60.0000000000              60.0000000000           0.000000000000E+0000
           40.0000000000
            2           2           2           2
            1           1           1           1
FRONT SUSPENSION
           15
          -21.5000000000              75.0000000000              163.000000000
           588.000000000              75.0000000000              165.000000000
           156.600006104              805.500000000              189.000000000
           19.7000007629              148.389999390              377.000000000
           588.000000000              148.389999390              377.000000000
           162.000000000              772.500000000              408.500000000
           150.000000000              700.000000000              425.000000000
           165.000000000              350.000000000              225.000000000
           80.0000000000              798.000000000              405.000000000
          -21.5000000000              153.000000000              372.500000000
           155.000000000              175.000000000              585.000000000
           162.000000000              300.000000000              245.000000000
           160.000000000              794.000000000              306.000000000
           160.000000000              894.000000000              310.000000000
           205.000000000              92.0000000000              285.000000000
           100.000000000              92.0000000000              288.000000000
           225.000000000
TOLERANCES
           1.00000000000           9.999999747379E-06            1.00000000000           9.999999747379E-06
TITLES
            0
TYRE
           150.000000000              150.000000000              150.000000000              150.000000000
ROLL SOLUTION
            1
GROUPS
            2
Points 1,2 and 3 (front)
            3
            1           1
            2           1
            3           1
Points 3 and 7 (front)
            2
            3           1
            7           1
