VERSION
            3           3
PARAMETERS
      60.0000         60.0000         5.00000
      3.00000        0.250000
      30.0000         2.00000
           2240.00000000              60.0000000000              60.0000000000           0.000000000000E+0000
           40.0000000000
            2           2           2           2
            1           1           1           1
REAR SUSPENSION
           11
           2988.00000000              577.000000000              350.000000000
           3062.00000000              155.000000000              310.000000000
           3548.00000000              589.200012207              320.000000000
           3538.00000000              520.000000000              800.000000000
           3276.00000000              499.000000000              800.000000000
           3326.00000000              504.600006104              420.000000000
           3440.00000000              700.000000000              297.000000000
           3440.00000000              725.000000000              297.000000000
           225.000000000
TOLERANCES
           1.00000000000           9.999999747379E-06            1.00000000000           9.999999747379E-06
TITLES
            0
TYRE
           150.000000000              150.000000000              150.000000000              150.000000000
ROLL SOLUTION
            1
GROUPS
            2
Points 1,2 and 3 (front)
            3
            1           1
            2           1
            3           1
Points 3 and 7 (front)
            2
            3           1
            7           1
