VERSION
            3           3
PARAMETERS
      60.0000         60.0000         5.00000
      3.00000        0.250000
      30.0000         2.00000
           2240.00000000              60.0000000000              60.0000000000           0.000000000000E+0000
           40.0000000000
            2           2           2           2
            1           1           1           1
REAR SUSPENSION
            2
           2955.51000977              190.000000000              52.1899986267
           3435.80004883              190.000000000              31.1100006104
           3165.80004883              665.000000000              19.6100006104
           3325.60009766              665.000000000              19.6100006104
           3289.50000000              330.000000000              250.000000000
           3287.39990234              665.000000000              247.500000000
           3192.50000000              586.869995117              67.4899978638
           3218.00000000              469.000000000              403.000000000
           3218.00000000              469.000000000              403.000000000
           3192.50000000              586.869995117              67.4899978638
           3250.36010742              642.000000000              122.000000000
           3250.36010742              742.000000000              122.000000000
           225.000000000
TOLERANCES
           1.00000000000           9.999999747379E-06            1.00000000000           9.999999747379E-06
TITLES
            0
TYRE
           150.000000000              150.000000000              150.000000000              150.000000000
ROLL SOLUTION
            1
GROUPS
            2
Points 1,2 and 3 (front)
            3
            1           1
            2           1
            3           1
Points 3 and 7 (front)
            2
            3           1
            7           1
