VERSION
            3           3
PARAMETERS
      60.0000         60.0000         5.00000
      3.00000        0.250000
      30.0000         2.00000
           2240.00000000              60.0000000000              60.0000000000           0.000000000000E+0000
           40.0000000000
            2           2           2           2
            1           1           1           1
REAR SUSPENSION
            4
           3375.00000000              340.000000000              233.000000000
           3580.00000000              340.000000000              233.000000000
           3415.00000000              661.700012207              202.500000000
           3570.00000000              661.700012207              202.500000000
           3480.00000000              584.000000000              463.000000000
           3534.00000000              536.099975586              890.000000000
           3451.01970524              609.706607901              233.841002521
           3467.00000000              600.000000000              139.000000000
           2875.00000000              580.000000000              181.000000000
           3530.50000000              541.000000000              757.299987793
           3513.00000000              591.000000000              588.700012207
           3480.00000000              620.000000000              264.200012207
           3480.00000000              715.000000000              265.000000000
           225.000000000
TOLERANCES
           1.00000000000           9.999999747379E-06            1.00000000000           9.999999747379E-06
TITLES
            0
TYRE
           150.000000000              150.000000000              150.000000000              150.000000000
ROLL SOLUTION
            1
GROUPS
            2
Points 1,2 and 3 (front)
            3
            1           1
            2           1
            3           1
Points 3 and 7 (front)
            2
            3           1
            7           1
