VERSION
            3           3
PARAMETERS
      60.0000         60.0000         5.00000
      3.00000        0.250000
      30.0000         2.00000
           2240.00000000              60.0000000000              60.0000000000           0.000000000000E+0000
           40.0000000000
            2           2           2           2
            1           1           1           1
REAR SUSPENSION
            7
           4489.00000000              286.000000000              286.799987793
           4768.00000000              286.000000000              279.500000000
           4567.00000000              706.000000000              226.500000000
           4513.00000000              602.000000000              423.000000000
           4527.37011719              531.500000000              832.799987793
           4507.66047390              628.195791246              270.730000951
           4452.79003906              686.000000000              229.500000000
           4449.00000000              379.000000000              270.500000000
           4643.00000000              496.500000000              443.500000000
           4631.00000000              544.000000000              198.500000000
           4552.00000000              682.500000000              309.000000000
           4552.00000000              767.900024414              309.500000000
           225.000000000
TOLERANCES
           1.00000000000           9.999999747379E-06            1.00000000000           9.999999747379E-06
TITLES
            0
TYRE
           150.000000000              150.000000000              150.000000000              150.000000000
ROLL SOLUTION
            1
GROUPS
            2
Points 1,2 and 3 (front)
            3
            1           1
            2           1
            3           1
Points 3 and 7 (front)
            2
            3           1
            7           1
