          151
           11
            1           1
            0
            1
Pothole_Vertical
            2
            2
      1.00000
      1.00000
      0.00000
      0.00000
      0.00000
      0.00000
            3
      1.00000
      1.00000
      0.00000
      0.00000
      0.00000
      0.00000
            2           1           2           1
           -1
      27334.5
      0.00000
            0
            2          -1           3           0           0
      0.00000         0.00000         0.00000
      0.00000         0.00000        -7.10000
           -2
      27334.5
      0.00000
            0
            2          -2           3           0           0
      0.00000         0.00000         0.00000
      0.00000         0.00000        -7.10000
           -1
      1000.00
      0.00000
            1
            2          -3           3           0           0
      0.00000         0.00000         0.00000
      0.00000         300.000         0.00000
           -1
      30824.1
      0.00000
            0
            2          -1           3           0           0
      0.00000         0.00000         0.00000
      0.00000         0.00000        -1.00000
           -2
      30.8240
      0.00000
            0
            2          -2           3           0           0
      0.00000         0.00000         0.00000
      0.00000         0.00000        -1.00000
           -1
      1000.00
      0.00000
            1
            2          -3           3           0           0
      0.00000         0.00000         0.00000
      0.00000         300.000         0.00000
            1           1
            0
            1
Pothole_Fore
            2
            2
      1.00000
      1.00000
      0.00000
      0.00000
      0.00000
      0.00000
            3
      1.00000
      1.00000
      0.00000
      0.00000
      0.00000
      0.00000
            4           1           4           1
           -1
      26179.6
      0.00000
            1
            2          -1           3           0           0
      0.00000         0.00000         0.00000
     -1.00000         0.00000         0.00000
           -1
      7699.90
      0.00000
            0
            2          -1           3           0           0
      0.00000         0.00000         0.00000
      0.00000         0.00000        -1.00000
           -2
      26179.6
      0.00000
            1
            2          -2           3           0           0
      0.00000         0.00000         0.00000
     -1.00000         0.00000         0.00000
           -2
      7699.90
      0.00000
            0
            2          -2           3           0           0
      0.00000         0.00000         0.00000
      0.00000         0.00000        -1.00000
           -1
      1000.00
      0.00000
            1
            2          -3           3           0           0
      0.00000         0.00000         0.00000
      0.00000        -300.000         0.00000
           -1
      29521.6
      0.00000
            1
            2          -1           3           0           0
      0.00000         0.00000         0.00000
     -1.00000         0.00000         0.00000
           -1
      8682.80
      0.00000
            0
            2          -1           3           0           0
      0.00000         0.00000         0.00000
      0.00000         0.00000        -1.00000
           -2
      29521.6
      0.00000
            1
            2          -2           3           0           0
      0.00000         0.00000         0.00000
     -1.00000         0.00000         0.00000
           -2
      8682.80
      0.00000
            0
            2          -2           3           0           0
      0.00000         0.00000         0.00000
      0.00000         0.00000        -1.00000
           -1
      1000.00
      0.00000
            1
            2          -3           3           0           0
      0.00000         0.00000         0.00000
      0.00000        -300.000         0.00000
            1           1
            0
            1
Pothole_Aft
            2
            2
      1.00000
      1.00000
      0.00000
      0.00000
      0.00000
      0.00000
            3
      1.00000
      1.00000
      0.00000
      0.00000
      0.00000
      0.00000
            4           1           4           1
           -1
      11164.8
      0.00000
            1
            2          -1           3           0           0
      0.00000         0.00000         0.00000
      1.00000         0.00000         0.00000
           -1
      13859.8
      0.00000
            0
            2          -1           3           0           0
      0.00000         0.00000         0.00000
      0.00000         0.00000        -1.00000
           -2
      11164.8
      0.00000
            1
            2          -2           3           0           0
      0.00000         0.00000         0.00000
      1.00000         0.00000         0.00000
           -2
      13859.8
      0.00000
            0
            2          -2           3           0           0
      0.00000         0.00000         0.00000
      0.00000         0.00000        -1.00000
           -1
      1000.00
      0.00000
            1
            2          -3           3           0           0
      0.00000         0.00000         0.00000
     -300.000         0.00000         0.00000
           -1
      12590.1
      0.00000
            1
            2          -1           3           0           0
      0.00000         0.00000         0.00000
      1.00000         0.00000         0.00000
           -1
      15629.1
      0.00000
            0
            2          -1           3           0           0
      0.00000         0.00000         0.00000
      0.00000         0.00000        -1.00000
           -2
      12590.1
      0.00000
            1
            2          -2           3           0           0
      0.00000         0.00000         0.00000
      1.00000         0.00000         0.00000
           -2
      15629.1
      0.00000
            0
            2          -2           3           0           0
      0.00000         0.00000         0.00000
      0.00000         0.00000        -1.00000
           -1
      1000.00
      0.00000
            1
            2          -3           3           0           0
      0.00000         0.00000         0.00000
     -300.000         0.00000         0.00000
            1           1
            1
            1
FWD_Max_Torque
            2
            2
      1.00000
      1.00000
      0.00000
      0.00000
      0.00000
      0.00000
            3
      1.00000
      1.00000
      0.00000
      0.00000
      0.00000
      0.00000
            4           1           4           1
           -1
      0.00000
      0.00000
            1
            2          -1           3           0           0
      0.00000         0.00000         0.00000
     -1.00000         0.00000         0.00000
           -1
      0.00000
      0.00000
            0
            2          -1           3           0           0
      0.00000         0.00000         0.00000
      0.00000         0.00000        -1.00000
           -2
      0.00000
      0.00000
            1
            2          -2           3           0           0
      0.00000         0.00000         0.00000
     -1.00000         0.00000         0.00000
           -2
      0.00000
      0.00000
            0
            2          -2           3           0           0
      0.00000         0.00000         0.00000
      0.00000         0.00000        -1.00000
           -1
      1000.00
      0.00000
            1
            2          -3           3           0           0
      0.00000         0.00000         0.00000
      300.000         0.00000         0.00000
           -1
      4775.60
      0.00000
            1
            2          -1           3           0           0
      0.00000         0.00000         0.00000
      1.00000         0.00000         0.00000
           -1
      4341.40
      0.00000
            0
            2          -1           3           0           0
      0.00000         0.00000         0.00000
      0.00000         0.00000        -1.00000
           -2
      4775.60
      0.00000
            1
            2          -2           3           0           0
      0.00000         0.00000         0.00000
      1.00000         0.00000         0.00000
           -2
      4341.40
      0.00000
            0
            2          -2           3           0           0
      0.00000         0.00000         0.00000
      0.00000         0.00000        -1.00000
           -1
      1000.00
      0.00000
            1
            2          -3           3           0           0
      0.00000         0.00000         0.00000
      300.000         0.00000         0.00000
            1           1
            1
            1
RWD_Max_Torque
            2
            2
      1.00000
      1.00000
      0.00000
      0.00000
      0.00000
      0.00000
            3
      1.00000
      1.00000
      0.00000
      0.00000
      0.00000
      0.00000
            4           1           4           1
           -1
      0.00000
      0.00000
            1
            2          -1           3           0           0
      0.00000         0.00000         0.00000
      1.00000         0.00000         0.00000
           -1
      0.00000
      0.00000
            0
            2          -1           3           0           0
      0.00000         0.00000         0.00000
      0.00000         0.00000        -1.00000
           -2
      0.00000
      0.00000
            1
            2          -2           3           0           0
      0.00000         0.00000         0.00000
      1.00000         0.00000         0.00000
           -2
      0.00000
      0.00000
            0
            2          -2           3           0           0
      0.00000         0.00000         0.00000
      0.00000         0.00000        -1.00000
           -1
      1000.00
      0.00000
            1
            2          -3           3           0           0
      30.0000         0.00000         0.00000
      0.00000         300.000         0.00000
           -1
      4775.60
      0.00000
            1
            2          -1           3           0           0
      0.00000         0.00000         0.00000
     -1.00000         0.00000         0.00000
           -1
      4341.40
      0.00000
            0
            2          -1           3           0           0
      0.00000         0.00000         0.00000
      0.00000         0.00000        -1.00000
           -2
      4775.60
      0.00000
            1
            2          -2           3           0           0
      0.00000         0.00000         0.00000
     -1.00000         0.00000         0.00000
           -2
      4341.40
      0.00000
            1
            2          -2           3           0           0
      0.00000         0.00000         0.00000
      0.00000         0.00000        -1.00000
           -1
      1000.00
      0.00000
            1
            2          -3           3           0           0
      30.0000         0.00000         0.00000
      0.00000         300.000         0.00000
            1           1
            1
            1
FWD_Max_Braking
            2
            2
      1.00000
      1.00000
      0.00000
      0.00000
      0.00000
      0.00000
            3
      1.00000
      1.00000
      0.00000
      0.00000
      0.00000
      0.00000
            4           1           4           1
           -1
      7699.90
      0.00000
            1
            2          -3           3           0           0
      0.00000         0.00000         0.00000
     -1.00000         0.00000         0.00000
           -1
      3849.90
      0.00000
            0
            2          -4           3           0           0
      0.00000         0.00000         0.00000
      0.00000         0.00000        -1.00000
           -2
      7699.90
      0.00000
            1
            2          -4           3           0           0
      0.00000         0.00000         0.00000
     -1.00000         0.00000         0.00000
            1
      3849.90
      0.00000
            0
            2          -4           3           0           0
      0.00000         0.00000         0.00000
      0.00000         0.00000        -1.00000
           -1
      1000.00
      0.00000
            1
            2          -3           3           0           0
      30.0000         0.00000         0.00000
      0.00000        -300.000         0.00000
           -1
      8682.80
      0.00000
            1
            2          -3           3           0           0
      0.00000         0.00000         0.00000
     -1.00000         0.00000         0.00000
           -1
      4341.40
      0.00000
            0
            2          -4           3           0           0
      0.00000         0.00000         0.00000
      0.00000         0.00000        -1.00000
           -2
      8682.80
      0.00000
            1
            2          -4           3           0           0
      0.00000         0.00000         0.00000
     -1.00000         0.00000         0.00000
           -2
      4341.40
      0.00000
            0
            2          -4           3           0           0
      0.00000         0.00000         0.00000
      0.00000         0.00000        -1.00000
           -1
      1000.00
      0.00000
            1
            2          -3           3           0           0
      30.0000         0.00000         0.00000
      0.00000        -300.000         0.00000
            1           1
            1
            1
RWD_Max_Braking
            2
            2
      1.00000
      1.00000
      0.00000
      0.00000
      0.00000
      0.00000
            3
      1.00000
      1.00000
      0.00000
      0.00000
      0.00000
      0.00000
            4           1           4           1
           -1
      5389.90
      0.00000
            1
            2          -3           3           0           0
      0.00000         0.00000         0.00000
      1.00000         0.00000         0.00000
           -1
      3849.90
      0.00000
            0
            2          -3           3           0           0
      0.00000         0.00000         0.00000
      0.00000         0.00000        -1.00000
           -2
      5389.90
      0.00000
            1
            2          -4           3           0           0
      0.00000         0.00000         0.00000
      1.00000         0.00000         0.00000
           -2
      3849.90
      0.00000
            0
            2          -4           3           0           0
      0.00000         0.00000         0.00000
      0.00000         0.00000        -1.00000
           -1
      1000.00
      0.00000
            1
            2          -1           3           0           0
      0.00000         0.00000         0.00000
     -300.000         0.00000         0.00000
           -1
      6078.00
      0.00000
            1
            2          -3           3           0           0
      0.00000         0.00000         0.00000
      1.00000         0.00000         0.00000
           -1
      4341.40
      0.00000
            0
            2          -3           3           0           0
      0.00000         0.00000         0.00000
      0.00000         0.00000        -1.00000
           -2
      6078.00
      0.00000
            1
            2          -4           3           0           0
      0.00000         0.00000         0.00000
      1.00000         0.00000         0.00000
           -2
      4341.40
      0.00000
            0
            2          -4           3           0           0
      0.00000         0.00000         0.00000
      0.00000         0.00000        -1.00000
           -1
      1000.00
      0.00000
            1
            2          -1           3           0           0
      0.00000         0.00000         0.00000
     -300.000         0.00000         0.00000
            1           1
            1
            1
Longitudinal_Fore
            0
            2           0           2           0
           -1
      28874.5
      0.00000
            1
            2          -1           3           0           0
      0.00000         0.00000         0.00000
     -1.00000         0.00000         0.00000
           -2
      28874.5
      0.00000
            1
            2          -2           3           0           0
      0.00000         0.00000         0.00000
     -1.00000         0.00000         0.00000
           -1
      32560.6
      0.00000
            1
            2          -1           3           0           0
      0.00000         0.00000         0.00000
     -1.00000         0.00000         0.00000
           -2
      32560.6
      0.00000
            1
            2          -2           3           0           0
      0.00000         0.00000         0.00000
     -1.00000         0.00000         0.00000
            1           1
            1
            1
Longitudinal_Aft
            0
            2           0           2           0
           -1
      24062.1
      0.00000
            1
            2          -1           3           0           0
      0.00000         0.00000         0.00000
      1.00000         0.00000         0.00000
           -2
      24062.1
      0.00000
            1
            2          -2           3           0           0
      0.00000         0.00000         0.00000
      1.00000         0.00000         0.00000
           -1
      27133.8
      0.00000
            1
            2          -1           3           0           0
      0.00000         0.00000         0.00000
      1.00000         0.00000         0.00000
           -2
      27133.8
      0.00000
            1
            2          -2           3           0           0
      0.00000         0.00000         0.00000
      1.00000         0.00000         0.00000
            1           1
            1
            1
Lateral
            0
            2           0           2           0
           -1
      23099.6
      0.00000
            1
            2          -1           3           0           0
      0.00000         0.00000         0.00000
      0.00000        -1.00000         0.00000
           -2
      23099.6
      0.00000
            1
            2          -2           3           0           0
      0.00000         0.00000         0.00000
      0.00000         1.00000         0.00000
           -1
      26048.5
      0.00000
            1
            2          -1           3           0           0
      0.00000         0.00000         0.00000
      0.00000        -1.00000         0.00000
           -2
      26048.5
      0.00000
            1
            2          -2           3           0           0
      0.00000         0.00000         0.00000
      0.00000         1.00000         0.00000
            1           1
            1
            1
Offset_Lateral
            0
            2           0           2           0
           -1
      11549.8
      0.00000
            1
            2          -3           3           0           0
      30.0000         0.00000         0.00000
      0.00000        -1.00000         0.00000
           -2
      11549.8
      0.00000
            1
            2          -4           3           0           0
      30.0000         0.00000         0.00000
      0.00000         1.00000         0.00000
           -1
      13024.2
      0.00000
            1
            2          -1           3           0           0
      30.0000         0.00000         0.00000
      0.00000        -1.00000         0.00000
           -2
      13024.2
      0.00000
            1
            2          -2           3           0           0
      30.0000         0.00000         0.00000
      0.00000         1.00000         0.00000
