          151
           12
            1           1
            0
            1
Brake
            2
            2
      1.00000
      1.00000
      0.00000
      0.00000
      0.00000
      0.00000
            3
      1.00000
      1.00000
      0.00000
      0.00000
      0.00000
      0.00000
            3           0           0           0
           -1
      14851.0
      0.00000
            1
            2          -3           3           0           0
      0.00000         0.00000         0.00000
     -100.000         0.00000         0.00000
           -1
      0.00000
      0.00000
            1
            2          -3           3           0           0
      0.00000         0.00000         0.00000
      0.00000        -100.000         0.00000
           -1
      9682.00
      0.00000
            1
            2          -3           3           0           0
      0.00000         0.00000         0.00000
      0.00000         0.00000        -100.000
            1           1
            0
            1
Bump
            2
            2
      1.00000
      1.00000
      0.00000
      0.00000
      0.00000
      0.00000
            3
      1.00000
      1.00000
      0.00000
      0.00000
      0.00000
      0.00000
            3           0           0           0
           -1
      0.00000
      0.00000
            1
            2          -3           3           0           0
      0.00000         0.00000         0.00000
     -100.000         0.00000         0.00000
           -1
      0.00000
      0.00000
            1
            2          -3           3           0           0
      0.00000         0.00000         0.00000
      0.00000        -100.000         0.00000
           -1
      20002.0
      0.00000
            1
            2          -3           3           0           0
      0.00000         0.00000         0.00000
      0.00000         0.00000        -100.000
            1           1
            0
            1
Brake + Bump
            2
            2
      1.00000
      1.00000
      0.00000
      0.00000
      0.00000
      0.00000
            3
      1.00000
      1.00000
      0.00000
      0.00000
      0.00000
      0.00000
            3           0           0           0
           -1
      10832.0
      0.00000
            1
            2          -3           3           0           0
      0.00000         0.00000         0.00000
     -100.000         0.00000         0.00000
           -1
      0.00000
      0.00000
            1
            2          -3           3           0           0
      0.00000         0.00000         0.00000
      0.00000        -100.000         0.00000
           -1
      16722.0
      0.00000
            1
            2          -3           3           0           0
      0.00000         0.00000         0.00000
      0.00000         0.00000        -100.000
            1           1
            1
            1
Lateral (Outer)
            2
            2
      1.00000
      1.00000
      0.00000
      0.00000
      0.00000
      0.00000
            3
      1.00000
      1.00000
      0.00000
      0.00000
      0.00000
      0.00000
            3           0           0           0
           -1
      0.00000
      0.00000
            1
            2          -3           3           0           0
      0.00000         0.00000         0.00000
     -100.000         0.00000         0.00000
           -1
     -14959.0
      0.00000
            1
            2          -3           3           0           0
      0.00000         0.00000         0.00000
      0.00000        -100.000         0.00000
           -1
      12154.0
      0.00000
            1
            2          -3           3           0           0
      0.00000         0.00000         0.00000
      0.00000         0.00000        -100.000
            1           1
            1
            1
Lateral (Inner)
            2
            2
      1.00000
      1.00000
      0.00000
      0.00000
      0.00000
      0.00000
            3
      1.00000
      1.00000
      0.00000
      0.00000
      0.00000
      0.00000
            3           0           0           0
           -1
      0.00000
      0.00000
            1
            2          -3           3           0           0
      0.00000         0.00000         0.00000
     -100.000         0.00000         0.00000
           -1
      3740.00
      0.00000
            1
            2          -3           3           0           0
      0.00000         0.00000         0.00000
      0.00000        -100.000         0.00000
           -1
      3984.00
      0.00000
            1
            2          -3           3           0           0
      0.00000         0.00000         0.00000
      0.00000         0.00000        -100.000
            1           1
            1
            1
Lateral + Bump (Outer)
            2
            2
      1.00000
      1.00000
      0.00000
      0.00000
      0.00000
      0.00000
            3
      1.00000
      1.00000
      0.00000
      0.00000
      0.00000
      0.00000
            3           0           0           0
           -1
      0.00000
      0.00000
            1
            2          -3           3           0           0
      0.00000         0.00000         0.00000
     -100.000         0.00000         0.00000
           -1
     -12466.0
      0.00000
            1
            2          -3           3           0           0
      0.00000         0.00000         0.00000
      0.00000        -100.000         0.00000
           -1
      17937.0
      0.00000
            1
            2          -3           3           0           0
      0.00000         0.00000         0.00000
      0.00000         0.00000        -100.000
            1           1
            1
            1
Lateral + Bump (Inner)
            2
            2
      1.00000
      1.00000
      0.00000
      0.00000
      0.00000
      0.00000
            3
      1.00000
      1.00000
      0.00000
      0.00000
      0.00000
      0.00000
            3           0           0           0
           -1
      0.00000
      0.00000
            1
            2          -3           3           0           0
      0.00000         0.00000         0.00000
     -100.000         0.00000         0.00000
           -1
      7791.00
      0.00000
            1
            2          -3           3           0           0
      0.00000         0.00000         0.00000
      0.00000        -100.000         0.00000
           -1
      11129.0
      0.00000
            1
            2          -3           3           0           0
      0.00000         0.00000         0.00000
      0.00000         0.00000        -100.000
            1           1
            1
            1
Lateral + Brake (Outer)
            0
            3           0           0           0
           -1
      10198.0
      0.00000
            1
            2          -3           3           0           0
      0.00000         0.00000         0.00000
     -100.000         0.00000         0.00000
           -1
     -11687.0
      0.00000
            1
            2          -3           3           0           0
      0.00000         0.00000         0.00000
      0.00000        -100.000         0.00000
           -1
      13003.0
      0.00000
            1
            2          -3           3           0           0
      0.00000         0.00000         0.00000
      0.00000         0.00000        -100.000
            1           1
            1
            1
Lateral + Brake (Inner)
            0
            3           0           0           0
           -1
      10198.0
      0.00000
            1
            2          -3           3           0           0
      0.00000         0.00000         0.00000
     -100.000         0.00000         0.00000
           -1
      3896.00
      0.00000
            1
            2          -3           3           0           0
      0.00000         0.00000         0.00000
      0.00000        -100.000         0.00000
           -1
      6195.00
      0.00000
            1
            2          -3           3           0           0
      0.00000         0.00000         0.00000
      0.00000         0.00000        -100.000
            1           1
            1
            1
Reverse Brake + Bump
            0
            3           0           0           0
           -1
     -9739.00
      0.00000
            1
            2          -3           3           0           0
      0.00000         0.00000         0.00000
     -100.000         0.00000         0.00000
           -1
      0.00000
      0.00000
            1
            2          -3           3           0           0
      0.00000         0.00000         0.00000
      0.00000        -100.000         0.00000
           -1
      14036.0
      0.00000
            1
            2          -3           3           0           0
      0.00000         0.00000         0.00000
      0.00000         0.00000        -100.000
            1           1
            1
            1
Acceleration
            0
            3           0           0           0
           -1
      0.00000
      0.00000
            1
            2          -3           3           0           0
      0.00000         0.00000         0.00000
     -100.000         0.00000         0.00000
           -1
      0.00000
      0.00000
            1
            2          -3           3           0           0
      0.00000         0.00000         0.00000
      0.00000        -100.000         0.00000
           -1
      3040.00
      0.00000
            1
            2          -3           3           0           0
      0.00000         0.00000         0.00000
      0.00000         0.00000        -100.000
            1           1
            0
            1
Acceleration + Bump
            0
            3           0           0           0
           -1
      0.00000
      0.00000
            1
            2          -3           3           0           0
      0.00000         0.00000         0.00000
     -100.000         0.00000         0.00000
           -1
      0.00000
      0.00000
            1
            2          -3           3           0           0
      0.00000         0.00000         0.00000
      0.00000        -100.000         0.00000
           -1
      15258.0
      0.00000
            1
            2          -3           3           0           0
      0.00000         0.00000         0.00000
      0.00000         0.00000        -100.000
